c EMME/2 Module:  2.24(v9.04)  Date: 05-11-04 10:13   User: E505/PB........crf
c Project:        test                                                        
c Scenario  106:  Summit                               /name of new scenario  
t lines init
a'01    ' b   1  70.00  17.74 'juan tabo/four hills'      0      0      0
  path=no    1729 dwt=.20   ttf=1    1747    1784    5930    1771
     1811    1834    1864    1880    1888    1907    1929    1999
     2039    2079    2110    2146    2192    2238    2287    2332
     2381    2427    2493    2551    2642    2703    2757    2818
     2889    2941    3003    3097    3184    3282    3347    3387
     5060    5061    3434    3490    3519    3546    3560    3572
     3590    5049    5050  lay=10    5049    3590    3572    3560
     3546    3519    3490    3434    5061    5060    3387    3347
     3282    3184    3097    3003    2941    2889    2818    2757
     2703    2642    2551    2493    2427    2381    2332    2287
     2238    2192    2146    2110    2079    2039    1999    1929
     1907    1849    1835    1813    1789    1768    1729
    lay=4
a'02    ' b   1  60.00  14.05 'eubank              '      0      0      0
  path=no    6426 dwt=.20   ttf=1    6427    6458    6428    3738
     3649    3596    3511    3444    3416    3376    3333    3269
     3168    3122    3077    2973    2898    2869    2797    2736
     2695    2631    2563    2485    2426    2379    2334    2289
     2236    2201    2137    2106    2076    2036    2001    1975
     1962    1946    1902    1879    1851    1832    1812    1779
     1735    1730    1729    1768    1789    1813    1833    1851
   lay=10    1879    1902    1946    1962    1975    2001    2036
     2076    2106    2137    2201    2236    2289    2334    2379
     2426    2485    2563    2631    2695    2736    2797    2869
     2898    2973    3077    3122    3168    3269    3333    3376
     3416    3444    3511    3596    3649    3738    6428    6458
     6427    6426  lay=14
a'03    ' b   1  25.00  13.32 'louisiana           '      0      0      0
  path=no    1955 dwt=.20   ttf=1    1980    2024    2063    2097
     2149    2184    2232    2277    2315    2371    2409    2472
     2533    2585    5043    4528    5936    4528    2688    2721
     2727    2733    5935    5048    5933    5934    2687    2686
     2689    2715    2733    6465    2745    2763    6461    6459
     6460    2805    6462    2822    2863    2922    2984    3070
     3204    3332    3365    3401    3424    3500    3525    3566
     3631    3677    3737    3736    3735    3733    3735    3736
     3737  lay=10    3677    3631    3566    3525    3500    3424
     3401    3365    3332    3204    3070    2984    2922    2863
     2822    6462    2805    6460    6459    6461    2763    2745
     6465    2733    2715    2689    2686    2687    5934    5933
     5048    5935    2733    2727    2721    2688    4528    5936
     4528    5043    2585    2533    2472    2409    2371    2315
     2277    2232    2184    2149    2097    2063    2024    1980
     1955   lay=2
a'05ib  ' b   1  25.00  14.95 'montgomery/carlisle '      0      0      0
  path=no    2081 dwt=.20   ttf=1    2080    2078    2079    2075
     2074    2071    2073    2076    2072    2070    5931    2069
     2067    2068    2065    2066    2064    2063    2062    2061
     2060    2059    2056    2055    2050    2054    2051    2052
     2053    2049    2102    2145    2178    2233    2273    2303
     2364    2416    2448    2505    2558    2625    2653    2669
     2729    2792    2839    2909    2979    3049    3048    3047
     3045    4514    3028    3004    2961    2932    2920    2913
     2925    6286    2888    2871    2860    4515    2835    2833
     2892    2944    2949    2995    3027    3042    3059    3091
     3112    3128    3139    3166    3206    3216  lay=10
a'05ob  ' b   1  25.00  14.95 'montgomery/carlisle '      0      0      0
  path=no    3216 dwt=.20   ttf=1    3206    3225    3240    3268
     3280    3278    3276    3272    3267    3266    3262    3243
     3224    3182    3177    3147    3115    3102    3084    3054
     3038    3008    2966    2929    2931    2933    2938    2944
     2949    2899    2835    4515    2860    2871    2888    6293
     6294    2956    2930    2925    2913    2920    2932    2961
     3004    3028    4514    3045    3047    3048    3049    2979
     2909    2839    2792    2729    2669    2653    2625    2558
     2505    2448    2416    2364    2303    2273    2233    2178
     2145    2102    2049    2053    2052    2051    2054    2050
     2055    2056    2059    2060    2061    2062    2063    2064
     2066    2065    2068    2067    2069    5931    2070    2072
     2076    2073    2071    2074    2075    2079    2078    2080
     2081  lay=10
a'08ib  ' b   1  20.00  16.84 'menaul              '      0      0      0
  path=no    2484 dwt=.20   ttf=1    2468    2490    2483    2494
     2496    2495    2493    2489    2488    2487    2482    2486
     2485    2481    2478    2477    2467    2461    2462    2466
     2465    2464    2475    2471    2473    2472    2533    2585
     5043    4528    5936    4528    2688    2685    2661    5943
     5942    2643    2592    2520    2470    2469    2463    2460
     2455    2451    2457    2456    2448    2450    2452    2449
     2453    6321    2458    2444    2439    2435    2433    2430
     2428    2418    2459    2519    2544    2583    2614    2662
     2773    2825    2880    2929    2931    2933    2938    2944
     2949    2995    3027    3042    3059    3091    3112    3128
     3139    3166    3206    3216  lay=10
a'08ob  ' b   1  20.00  16.84 'menaul              '      0      0      0
  path=no    3216 dwt=.20   ttf=1    3206    3225    3240    3268
     3280    3278    3276    3272    3267    3266    3262    3243
     3224    3182    3177    3147    3115    3102    3084    3054
     3038    3008    2966    2929    2931    2906    2878    2826
     2812    2783    2604    2583    2544    2519    2459    2418
     2428    2430    2433    2435    2439    2444    2458    6321
     2453    2449    2452    2450    2448    2456    2457    2451
     2455    2460    2463    2469    2470    2520    2592    2643
     5942    5943    2661    2685    2688    4528    5936    4528
     5043    2585    2533    2472    2473    2471    2475    2464
     2465    2466    2462    2461    2467    2477    2478    2481
     2485    2486    2482    2487    2488    2489    2493    2495
     2496    2494    2483    2490    2468    2484  lay=10
a'10A   ' b   1  40.00  14.95 'north fourth streetA'      0      0      0
  path=no    1944 dwt=.20   ttf=1    1977    2029    2077    2122
     2189    2250    2288    2350    2385    2428    2440    2536
     2575    2654    2762    2830    2894    2938    2944    2949
     2995    3027    3042    3059    3091    3112    3128    3139
     3166    3206    3216  lay=10    3206    3225    3240    3268
     3280    3278    3276    3272    3267    3266    3262    3243
     3224    3182    3177    3147    3115    3102    3084    3054
     3038    3008    2966    2929    2931    2933    2938    2894
     2830    2762    2654    2575    2536    2440    2428    2385
     2350    2288    2250    2189    2122    2077    2085    2087
     2086    2034    1972    1953    1944  lay=10
a'10B   ' b   1  40.00  14.95 'north fourth streetB'      0      0      0
  path=no    1364 dwt=.20   ttf=1    1384    1400    1436    1485
     1498    1509    1535    1556    1609    1632    1683    1708
     1734    1738    1790    1836    1871    1903    1926    1944
     1977    2029    2077    2122    2189    2250    2288    2350
     2385    2428    2440    2536    2575    2654    2762    2830
     2894    2938    2944    2949    2995    3027    3042    3059
     3091    3112    3128    3139    3166    3206    3216
   lay=10    3206    3225    3240    3268    3280    3278    3276
     3272    3267    3266    3262    3243    3224    3182    3177
     3147    3115    3102    3084    3054    3038    3008    2966
     2929    2931    2933    2938    2894    2830    2762    2654
     2575    2536    2440    2428    2385    2350    2288    2250
     2189    2122    2077    2029    1977    1944    1926    1903
     1871    1836    1790    1738    1734    1708    1683    1632
     1609    1556    1575    1542    1541    1537    1535    1509
     1498    1485    1436    1400    1384    1364  lay=10
a'11    ' b   1  20.00  14.32 'lomas               '      0      0      0
  path=no    3354 dwt=.20   ttf=1    3279    3180    3106    3104
     3100    3097    3090    3089    4531    3083    3081    3078
     3077    3072    3043    3093    3087    3068    3069    3073
     3075    3071    3070    3067    3063    3066    3062    3060
     3058    3056    3055    3053    4507    3050    3049    3048
     3047    3045    4514    3028    3004    2961    2932    2920
     2913    2925    2930    2956    2980    2968    2959    2957
     2949    2995    3027    3042    3059    3091    3112    3128
     3139    3166    3206    3216  lay=10    3206    3225    3240
     3268    3280    3278    3276    3272    3267    3266    3262
     3243    3224    3182    3177    3147    3115    3102    3084
     3054    3038    3008    2966    2929    2931    2933    2938
     2944    2949    2957    2959    2968    2980    2956    2930
     2925    2913    2920    2932    2961    3004    3028    4514
     3045    3047    3048    3049    3050    4507    3053    3055
     3056    3058    3060    3062    3066    3063    3067    3070
     3071    3075    3073    3069    3068    3087    3093    3043
     3072    3077    3078    3081    3083    4531    3089    3090
     3097    3100    3104    3106    3110    3114    3120    5929
     5926    3082    5923    3311    5924    3359    3360    3358
     3355    3354  lay=10
a'140   ' b   1  20.00  14.49 'san mateo a         '      0      0      0
  path=no    1377 dwt=.20   ttf=1    1338    6145    1359    1381
     1391    1406    1445    1478    1500    1507    1531    1536
     1553    1582    1604    1620    1635    1655    1673    1691
     1709    5950    1725    1732    1751    1775    1794    1821
     1838    1866    1891    1949    1982    2028    2055    2103
     2154    2200    2231    2283    2306    2374    2420    2460
     2517    2556    2608    2623    2658    2666    2674    2731
     2796    2852    2912    2970    3060    3173    3292    3383
     3414    3459    3488    3526    3581    3621    3688    3727
   lay=10    3688    3621    3581    3526    3488    3459    3414
     3383    3292    3173    3060    2970    2912    2852    2796
     2731    2674    2666    2658    2623    2608    2556    2517
     2460    2420    2374    2306    2283    2231    2200    2154
     2103    2055    2028    1982    1949    1891    1866    1838
     1821    1794    1775    1751    1732    1725    5950    1709
     1691    1673    1655    1635    1620    1604    1582    1553
     1536    1531    1507    1500    1478    1445    1406    1391
     1381    1359    6145    1338    6146    1309    1356    6147
     1377  lay=11
a'141   ' b   1  20.00  14.49 'san mateo b         '      0      0      0
  path=no    3727 dwt=.20   ttf=1    3688    3621    3581    3526
     3488    3459    3414    3383    3292    3173    3060    2970
     2912    2852    2796    2731    2674    2666    2658    2623
     2608    2556    2517    2460    2420    2374    2306    2283
     2231    2200    2154    2103    2055    2028    1982    1949
     1891    1866    1838    1821    1794    1775    1751    1732
     1725    5950    1709    1691    1673    1655    1658    1660
     1676    1705    1725  lay=10    1732    1751    1775    1794
     1821    1838    1866    1891    1949    1982    2028    2055
     2103    2154    2200    2231    2283    2306    2374    2420
     2460    2517    2556    2608    2623    2658    2666    2674
     2731    2796    2852    2912    2970    3060    3173    3292
     3383    3414    3459    3488    3526    3581    3621    3688
     3727  lay=10
a'155   ' b   1  40.00  23.61 'coors a             '      0      0      0
  path=no    1303 dwt=.20   ttf=1    1294    1291    1313    1326
     6029    1351    1386    5180    1425    1448    1464    1474
     1502    6487    5955    1581    1664    1713    1764    1797
     1853    1893    1991    2105    2174    2228    2281    2340
     2392    2436    2443    2514    6586    2605    6588    2637
     2711    2751    2810    2846    2948    3094    3255    3320
     3480    3534    3589    3603    3624    3643    3659    3694
     3716    5901    3756    3769    3786    3804    3815    3828
     3839    3853    3855    3858    3878    3886    3897    3898
     3899  lay=10    3898    3897    3886    3878    3858    3855
     3853    3839    3828    3815    3804    3786    3769    3756
     5901    3716    3694    3659    3643    3624    3603    3589
     3534    3480    3320    3255    3094    2948    2846    2810
     2751    2711    2637    6588    2605    6585    2561    2479
     2431    2392    2340    2281    2228    2174    2105    1991
     1893    1853    1797    1764    1713    1664    1581    5955
     6487    1502    1474    1464    1448    1425    5180    1386
     1351    6029    1326    1313    1291    1294    1303
   lay=10
a'158   ' b   1  40.00  23.61 'coors b             '      0      0      0
  path=no    3320 dwt=.20   ttf=1    3255    3094    2948    2846
     2810    2751    2711    2637    6588    2605    6585    2561
     2479    2431    2392    2340    2281    2228    2174    2105
     1991    1893    1853    1797    1776    1757    1701    1678
     1611    1560    5957    5956    1501    1482    1460    5176
     1362    1348    1323    6038    1295    6037    6036    1268
     1262    6040    1263    1264    1267    1270    1291    1294
     1303  lay=10    1294    1291    1270    1267    1264    1263
     6040    1262    1268    6036    6037    1295    6038    1323
     1348    1362    5176    1460    1482    1501    5956    5957
     1560    1611    1678    1701    1757    1776    1797    1853
     1893    1991    2105    2174    2228    2281    2340    2392
     2436    2443    2514    6586    2605    6588    2637    2711
     2751    2810    2846    2948    3094    3255  lay=10
a'16    ' b   1  45.00  17.16 'broadway            '      0      0      0
  path=no    3798 dwt=.20   ttf=1    3766    3685    3634    3549
     3453    3334    3302    3290    3234    3189    3144    3101
     3044    3002    2959    2924    2891    2860    2803    2742
     2739    4512    2769    2761    2743    2873    2904    2961
     2932    2920    2913    2925    2930    2956    2980    2968
     2959    2924    2891    2860    4515    2835    2833    2892
     2944    2949    2995    3027    3042    3059    3091    3112
     3128    3139    3166    3206    3216    5430    3171    3179
     3181    3189    3234    3290    3302    3334    3453    3549
     3538    3536    6410    6411    3658    3696    3712    3795
     3796    3797    3798   lay=8
a'18    ' b   1  45.00  13.92 'university/gibson   '      0      0      0
  path=no    3737 dwt=.20   ttf=1    3736    3735    3733    3730
     3732    3727    3734    3731    3729    3664    3616    3568
     3485    6150    3477    3521    3587    4524    3586    3585
     3553    4525    3660    3697    3724    3723    3721    3686
     3646    3573    3495    3463    3425    3369    3324    3281
     3230    3170    3116    4516    3020    2961   lay=2    3020
     4516    3116    3170    3230    3281    3324    3369    3425
     3463    3495    3573    3646    3686    3721    3723    3724
     3697    3660    4525    3553    3585    3586    4524    3587
     3521    3477    6150    3485    3568    3616    3664    3729
     3731    3734    3727    3732    3730    3733    3735    3736
     3737   lay=9
a'25    ' b   1  35.00  15.00 'dwntn/oldtn trolley '      0      0      0
  path=no    3216 dwt=.20   ttf=1    3206    3166    3139    3128
     3112    3091    3059    3042    3027    2995    2949    2944
     2938    2933    2931    2929    2921    2914    2907    2875
     2819    5946    2789    2774    2755    2747    2771    2806
   lay=10    2771    2747    2755    2774    2789    5946    2819
     2875    2907    2914    2921    2929    2931    2933    2938
     2944    2949    2995    3027    3042    3059    3091    3112
     3128    3139    3145    5430    3216  lay=10
a'31    ' b   1  45.00  15.00 'wyoming             '      0      0      0
  path=no    6151 dwt=.20   ttf=1    1411    1452    1469    1515
     1559    1580    1595    1606    1627    1653    1682    1766
     6359    1808    1842    1883    1931    1965    1990    2026
     2069    2115    2151    2185    2230    2270    2317    2369
     2413    2462    2543    2611    4529    2676    2738    2802
     2861    2897    2927    2952    3000    3018    3068    3152
     3247    3338    3381    3427    3474    3499    3530    3571
     3630    6421    6424    6425  lay=10    6424    6421    3630
     3571    3530    3499    3474    3427    3381    3338    3247
     3152    3068    3018    3000    2952    2927    2897    2861
     2802    2738    2676    4529    2611    2543    2462    2413
     2369    2317    2270    2230    2185    2151    2115    2069
     2026    1990    1965    1931    1883    1842    1808    6359
     1766    1682    1653    1627    1606    1595    1580    1559
     1515    1469    1452    1411    6151   lay=4
a'36    ' b   1  60.00  14.10 'rio grande          '      0      0      0
  path=no    3216 dwt=.20   ttf=1    3206    3225    3240    3268
     3280    3278    3276    3272    3267    3266    3262    3243
     3224    3182    3177    3147    3115    3102    3084    3054
     3038    3008    2966    2929    2921    2914    2907    2875
     2819    2775    2650    2613    2572    2526    2445    2396
     2362    2304    2290    2255    2234    2211    4537    2167
     2120    2046    1996    1981    1970    2006    2045    2155
     2215    2249    2284    2300    2432    2447    2507    2564
     2606    5945    2656    2708    2747    2771    2806    2828
     2836    2879    2907    2914    2921    2929    2931    2933
     2938    2944    2949    2995    3027    3042    3059    3091
     3112    3128    3139    3166    3206    3216  lay=10
a'50airp' b   1  30.00  13.72 'airport/downtown    '      0      0      0
  path=no    3216 dwt=.20   ttf=1    3206    3225    3240    3268
     3280    3278    3276    3272    3267    3266    3262    3243
     3224    3182    3177    3147    3115    3102    3084    3054
     3038    3008    2966    2929    2931    2933    2938    2944
     2949    2995    3027    3042    3059    3091    3118    3136
     3101    3123    3132    3140    3143    3149    3167    3170
     3230    3281    3297    3342    3374    4521    3442    3478
     3553    4525    3660    3697    3724    3750    3762    3770
     3792    3793  lay=12
a'50cbd ' b   1  30.00  13.72 'airport/downtown    '      0      0      0
  path=no    3793 dwt=.20   ttf=1    3782    3785    3792    3770
     3762    3750    3724    3697    3660    4525    3553    3478
     3442    4521    3374    3342    3297    3281    3230    3170
     3167    3149    3143    3140    3132    3123    3101    3041
     3027    3042    3059    3091    3112    3128    3139    3166
     3206    3216  lay=10
a'51    ' b   1  60.00  20.21 'atrisco/rio bravo   '      0      0      0
  path=no    3889 dwt=.20   ttf=1    3859    3860    3864    3851
     3835    3817    3825    3830    3829    3816    3805    3784
     3789    3788    3748    3701    4503    3605    3531    3503
     3469    3390    3353    3113    2943   lay=9    3113    3353
     3390    3469    3503    3531    3605    4503    3701    3748
     3788    3789    3784    3805    3816    3829    3830    3825
     3817    3835    3851    3864    3860    3859    3889
    lay=1
a'53    ' b   1  40.00  23.31 'isleta              '      0      0      0
  path=no    3216 dwt=.20   ttf=1    3206    3225    3240    3268
     3280    3278    3276    3272    3267    3266    3262    3258
     3250    3283    3366    3396    3483    3537    3541    3551
     4511    3570    3719    3761    3771    3772    4509    3803
     3813    3817    3835    3851    3864    3876    3884    3900
     3907    3917    3932    3935    3938    3946    3956    3964
     3970    3976    3979    3988 dwt=.10    3998 dwt=.20
    lay=3    3988    3979    3976    3970    3964    3956    3946
     3938    3935    3932    3917    3907    3900    3884    3876
     3864    3851    3835    3817    3813    3803    4509    3772
     3771    3761    3719    3570    4511    3551    3541    3537
     3483    3396    3366    3283    3285    3294    3262    3243
     3224    3182    3177    3147    3115    3102    3084    3054
     3038    3008    2966    2929    2931    2933    2938    2944
     2949    2995    3027    3042    3059    3091    3112    3128
     3139    3166    3206    3216  lay=10
a'54    ' b   1  45.00  14.01 'bridge/westgate     '      0      0      0
  path=no    3216 dwt=.20   ttf=1    3206    3225    3240    3268
     3280    3278    3276    3272    3305    3368    3535    3537
     3541    3551    4511    3570    3591    3601    3609    3615
     3633    3618    3605    3595    3579    3611    3678    3708
     4505    3756    3769    3786    3778    5904    3777    3767
     3722    3739    3740    3741    3743    3749    3758    5100
     3758    3742    3702    3648    3577    3481    3473    3465
     3440    3421    3415    3410    3388    5116    3504    5118
     5117    5113    5119    5121    5112    3648    3702    3742
     3758    3749    3743    3741    3740    3739    3722    3767
     3777    5904    3778    3786    3769    3756    4505    3708
     3678    3611    3579    3595    3605    3618    3633    3615
     3609    3601    3591    3570    4511    3551    3541    3537
     3535    3368    3305    3272    3267    3266    3262    3243
     3224    3182    3177    3147    3115    3102    3084    3054
     3038    3008    2966    2929    2931    2933    2938    2944
     2949    2995    3027    3042    3059    3091    3112    3128
     3139    3166    3206    3216  lay=10
a'66    ' b   1  15.00  14.44 'central             '      0      0      0
  path=no    5050 dwt=.20   ttf=1    5049    3590    3572    3560
     3546    3533    3522    3520    3516    3511    3507    4532
     3482    3474    3464    3449    3439    3424    3419    3413
     3409    3403    3391    3383    3378    3371    3364    3352
     1001    3337    3322    3312    3295    3299    3298    3297
     3281    3271    3251    3238    3231    3226    3213    3189
     3181    3179    3171    5430    3145    3139    3133    3127
     3125    3115    3105    3099    3095    3076    3034    3005
     2972    2905    4510    2836    2828    2824    2840    2923
     2993    3061    3113    3142    3157    3194    3222    3228
     3260    3287    3320    3343    3361    3377    3388    3410
     3415    3421    3440    3465  lay=10    3476    3484    3504
     5116    3388    3377    3361    3343    3320    3287    3260
     3228    3222    3194    3157    3142    3113    3061    2993
     2923    2840    2824    2828    2836    4510    2905    2972
     3005    3034    3076    3095    3108    3137    3169    3177
     3183    3186    3190    3197    3198    3201    3206    3216
     5430    3171    3179    3181    3189    3213    3226    3231
     3238    3251    3271    3281    3297    3298    3299    3295
     3312    3322    3337    1001    3352    3364    3371    3378
     3383    3391    3403    3409    3413    3419    3424    3439
     3449    3464    3474    3482    4532    3507    3511    3516
     3520    3522    3533    3546    3560    3572    3590    5052
     5051    5050   lay=2
a'766ib ' b   1  10.00  15.00 'Central RapidRide ib'      0      0      0
  path=no    3388 dwt=.20   ttf=1    3377        dwt=#.00    3361
     3343 dwt=.20    3320        dwt=#.00    3287    3260    3228
     3222    3194    3157    3142 dwt=.20    3113        dwt=#.00
     3061    2993 dwt=.20    2923        dwt=#.00    2840    2824
  dwt=.20    2828        dwt=#.00    2836    4510    2905    2972
     3005    3034    3076    3095    3108    3137    3169
  dwt=.20    3177        dwt=#.00    3183    3186    3190    3197
     3198    3201    3206 dwt=.20    3216        dwt=#.00    5430
     3171    3179    3181    3189    3213    3226    3231    3238
  dwt=.20    3251        dwt=#.00    3271    3281    3297
  dwt=.20    3298        dwt=#.00    3299    3295    3312    3322
  dwt=.20    3337        dwt=#.00    1001    3352    3364    3371
     3378 dwt=.20    3383        dwt=#.00    3391    3403    3409
     3413    3419 dwt=.20    3424        dwt=#.00    3401    3365
     3332    3204 dwt=.20    3070        dwt=#.00    2984    2922
     2863    2822    6462    2805    6460    6459    6461    2763
     2745    6465    2733    2715 dwt=.20    2689        dwt=#.00
     2649    2618    2585    5043    4528 dwt=.20    5936
    lay=2
a'766ob ' b   1  10.00  15.00 'Central RapidRide ob'      0      0      0
  path=no    5936 dwt=.20   ttf=1    4528        dwt=#.00    2688
     2721 dwt=.20    2727        dwt=#.00    2733    6465    2745
     2763    6461    6459    6460    2805    6462    2822    2863
     2922    2984 dwt=.20    3070        dwt=#.00    3204    3332
     3365    3401 dwt=.20    3424        dwt=#.00    3419    3413
     3409    3403    3391 dwt=.20    3383        dwt=#.00    3378
     3371    3364    3352    1001 dwt=.20    3337        dwt=#.00
     3322    3312    3295    3299    3298 dwt=.20    3297
         dwt=#.00    3281    3271 dwt=.20    3251        dwt=#.00
     3238    3231    3226    3213    3189    3181    3179    3171
  dwt=.20    5430        dwt=#.00    3145    3139    3133    3127
  dwt=.20    3125        dwt=#.00    3115    3105    3099    3095
     3076    3034    3005    2972    2905    4510    2836
  dwt=.20    2828        dwt=#.00    2824    2840 dwt=.20    2923
         dwt=#.00    2993    3061 dwt=.20    3113        dwt=#.00
     3142    3157    3194    3222    3228    3260    3287
  dwt=.20    3320        dwt=#.00    3343    3361    3377
  dwt=.20    3388   lay=2
a'97    ' b   1  60.00  15.74 'zuni                '      0      0      0
  path=no    5051 dwt=.20   ttf=1    5052    3590    3572    3560
     3546    3533    3522    3520    3516    3511    3507    4532
     3482    3498    3499    3493    3501    3500    3497    3494
     3492    3491    3489    3488    3487    3475    3445    3400
     3398    3395    3394    3399    3389    3374    4522    3369
     3344    3339    3331    3323    3318    3302    3284    3280
     3278    3276    3272    3267    3266    3262    3243    3224
     3182    3177    3147    3115    3102    3084    3054    3038
     3008    2966    2929    2931    2933    2938    2944    2949
     2995    3027    3042    3059    3091    3112    3128    3139
     3166    3206    3216  lay=10    3206    3225    3240    3268
     3280    3317    3321    3334    3340    3346    3356    3363
     3367    3379    3425    3441    4520    3442    3429    3430
     3432    3431    3433    3435    3436    3437    3438    3445
     3475    3487    3488    3489    3491    3492    3494    3497
     3500    3501    3493    3499    3498    3482    4532    3507
     3511    3516    3520    3522    3533    3546    3560    3572
     3590    5049 dwt=.10    5050    5051  lay=10

